[gd_scene load_steps=11 format=3 uid="uid://dtcnxxofouqf8"]

[ext_resource type="MeshLibrary" uid="uid://c0c3djgifhbb0" path="res://MeshLibraries/space_library.tres" id="1_bo3yr"]
[ext_resource type="PackedScene" uid="uid://cedg4p1ktt00c" path="res://Enemy/enemy.tscn" id="2_5vx1e"]
[ext_resource type="PackedScene" uid="uid://b6a3tfb71rtov" path="res://Base/base.tscn" id="3_eesb3"]

[sub_resource type="ProceduralSkyMaterial" id="ProceduralSkyMaterial_4sal3"]
sky_horizon_color = Color(0.66224277, 0.6717428, 0.6867428, 1)
ground_horizon_color = Color(0.66224277, 0.6717428, 0.6867428, 1)

[sub_resource type="Sky" id="Sky_bo3yr"]
sky_material = SubResource("ProceduralSkyMaterial_4sal3")

[sub_resource type="Environment" id="Environment_5vx1e"]
background_mode = 2
sky = SubResource("Sky_bo3yr")
tonemap_mode = 2
glow_enabled = true

[sub_resource type="StandardMaterial3D" id="StandardMaterial3D_bo3yr"]
albedo_color = Color(0.31061712, 0.31061712, 0.3106171, 1)

[sub_resource type="Curve3D" id="Curve3D_bo3yr"]
_data = {
"points": PackedVector3Array(0, 0, 0, 0, 0, 0, -23.528536, 0, 5.963485, -1.1968765, 0, 0.85491276, 1.1968765, 0, -0.85491276, 13.251135, -0.059005737, 5.9068613, 1.0828896, 0, 0.7409227, -1.0828896, 0, -0.7409227, 12.86742, 0, -2.00009, 0.9688988, 0, 0.8549117, -0.9688988, 0, -0.8549117, -9.479042, 0, -1.7869273, 0, 0, 0, 0, 0, 0, -10.17345, 0, -7.665709),
"tilts": PackedFloat32Array(0, 0, 0, 0, 0)
}
point_count = 5

[sub_resource type="StandardMaterial3D" id="StandardMaterial3D_5vx1e"]
albedo_color = Color(0.2231029, 0.2231029, 0.22310287, 1)

[sub_resource type="StandardMaterial3D" id="StandardMaterial3D_eesb3"]
albedo_color = Color(0.75819176, 0.7581918, 0.75819165, 1)

[node name="BaseLevel" type="Node3D"]

[node name="WorldEnvironment" type="WorldEnvironment" parent="."]
environment = SubResource("Environment_5vx1e")

[node name="DirectionalLight3D" type="DirectionalLight3D" parent="."]
transform = Transform3D(-0.8660254, -0.43301278, 0.25, 0, 0.49999997, 0.86602545, -0.50000006, 0.75, -0.43301266, 0, 0, 0)
shadow_enabled = true

[node name="CSGBox3D" type="CSGBox3D" parent="."]
transform = Transform3D(1, 0, 0, 0, 1, 0, 0, 0, 1, 0, -1, 0)
size = Vector3(100, 2, 100)
material = SubResource("StandardMaterial3D_bo3yr")

[node name="Camera3D" type="Camera3D" parent="."]
transform = Transform3D(1, 0, 0, 0, 0.42261824, 0.9063078, 0, -0.9063078, 0.42261824, 0, 14.5, 9.5)

[node name="GridMap" type="GridMap" parent="."]
mesh_library = ExtResource("1_bo3yr")
cell_size = Vector3(4, 4, 4)
cell_center_y = false
data = {
"cells": PackedInt32Array(65535, 65534, 1441792, 65535, 0, 1441792, 65535, 2, 1441792, 65532, 65535, 1441792, 65531, 65535, 1441792, 4, 65535, 1441792, 65531, 65534, 1441792, 65532, 65534, 1441792, 65534, 65534, 1441792, 0, 65534, 1441792, 1, 65534, 1441792, 65531, 0, 1441792, 65531, 2, 1441792, 65532, 0, 1441792, 65532, 2, 1441792, 65533, 0, 1441792, 65533, 2, 1441792, 65534, 0, 1441792, 65534, 2, 1441792, 0, 0, 1441792, 0, 2, 1441792, 1, 0, 1441792, 1, 2, 1441792, 2, 65534, 1441792, 2, 0, 1441792, 2, 2, 1441792, 3, 65534, 1441792, 3, 2, 1441792, 4, 65534, 1441792, 4, 0, 1441792, 4, 1, 1441792, 4, 2, 1441792)
}
metadata/_editor_floor_ = Vector3(0, 0, 0)

[node name="Path3D" type="Path3D" parent="."]
curve = SubResource("Curve3D_bo3yr")

[node name="Road" type="CSGPolygon3D" parent="Path3D"]
polygon = PackedVector2Array(-1, 0, -1, 0.2, 1, 0.2, 1, 0)
mode = 2
path_node = NodePath("..")
path_interval_type = 0
path_interval = 0.5
path_simplify_angle = 0.0
path_rotation = 2
path_rotation_accurate = false
path_local = false
path_continuous_u = true
path_u_distance = 1.0
path_joined = false
material = SubResource("StandardMaterial3D_5vx1e")

[node name="LeftEdge" type="CSGPolygon3D" parent="Path3D"]
polygon = PackedVector2Array(-1.1, 0, -1.1, 0.25, -0.9, 0.25, -0.9, 0)
mode = 2
path_node = NodePath("..")
path_interval_type = 0
path_interval = 0.5
path_simplify_angle = 0.0
path_rotation = 2
path_rotation_accurate = false
path_local = false
path_continuous_u = true
path_u_distance = 1.0
path_joined = false
material = SubResource("StandardMaterial3D_eesb3")

[node name="RightEdge" type="CSGPolygon3D" parent="Path3D"]
polygon = PackedVector2Array(1.1, 0, 1.1, 0.25, 0.9, 0.25, 0.9, 0)
mode = 2
path_node = NodePath("..")
path_interval_type = 0
path_interval = 0.5
path_simplify_angle = 0.0
path_rotation = 2
path_rotation_accurate = false
path_local = false
path_continuous_u = true
path_u_distance = 1.0
path_joined = false
material = SubResource("StandardMaterial3D_eesb3")

[node name="Enemy" parent="Path3D" instance=ExtResource("2_5vx1e")]
transform = Transform3D(-0.022428697, 0.0016574268, -0.99973065, -1.16413455e-10, 0.99999714, 0.0016578193, 0.99973226, 3.7184e-05, -0.022428662, -23.528536, 0, 5.963485)
speed = 20.0

[node name="Enemy2" parent="Path3D" instance=ExtResource("2_5vx1e")]
transform = Transform3D(-0.018638236, 0.0016490336, -0.99980843, -6.2695044e-06, 0.99999714, 0.0016494122, 0.99981004, 3.7011596e-05, -0.018638195, -18.529716, -0.008263516, 6.064144)
progress = 5.0
speed = 20.0

[node name="Enemy3" parent="Path3D" instance=ExtResource("2_5vx1e")]
transform = Transform3D(-0.015866848, 0.0016428971, -0.9998562, -1.0832559e-05, 0.99999714, 0.001643251, 0.9998578, 3.6905374e-05, -0.015866803, -13.530392, -0.016495652, 6.1505027)
progress = 10.0
speed = 20.0

[node name="Enemy4" parent="Path3D" instance=ExtResource("2_5vx1e")]
transform = Transform3D(-0.012613183, 0.0016356925, -0.9999025, -1.616796e-05, 0.9999972, 0.0016360019, 0.99990404, 3.6802736e-05, -0.012613137, -8.530835, -0.024694737, 6.22201)
progress = 15.0
speed = 20.0

[node name="Enemy5" parent="Path3D" instance=ExtResource("2_5vx1e")]
transform = Transform3D(-0.008287638, 0.0016261147, -0.99994767, -2.3224067e-05, 0.9999972, 0.0016263383, 0.9999492, 3.6702517e-05, -0.008287586, -3.531115, -0.032852132, 6.274878)
progress = 20.0
speed = 20.0

[node name="Base" parent="." instance=ExtResource("3_eesb3")]
transform = Transform3D(1, 0, 0, 0, 1, 0, 0, 0, 1, -10.17345, 0, -7.665709)
